(890, 250): [(930, 250), (890, 290), (850, 250), (890, 210)]
(130, 610): [(170, 610), (90, 610), (130, 570)]
(250, 290): [(290, 290), (250, 330), (210, 290), (250, 250)]
(370, 250): [(410, 250), (370, 290), (330, 250), (370, 210)]
(650, 410): [(690, 410), (650, 450), (610, 410), (650, 370)]
(810, 50): [(850, 50), (810, 90), (770, 50), (810, 10)]
(330, 610): [(370, 610), (330, 570)]
(570, 570): [(610, 570), (570, 610), (570, 530)]
(850, 570): [(890, 570), (850, 610), (810, 570), (850, 530)]
(650, 570): [(690, 570), (650, 610), (610, 570), (650, 530)]
(530, 170): [(570, 170), (490, 170), (530, 130)]
(730, 730): [(770, 730), (690, 730), (730, 690)]
(250, 490): [(290, 490), (250, 530), (210, 490)]
(90, 130): [(90, 170), (50, 130), (90, 90)]
(170, 250): [(210, 250), (170, 290), (130, 250)]
(10, 610): [(50, 610), (10, 650), (10, 570)]
(330, 330): [(370, 330), (330, 370), (290, 330), (330, 290)]
(850, 250): [(890, 250), (850, 290), (810, 250)]
(810, 730): [(850, 730), (770, 730), (810, 690)]
(130, 250): [(170, 250), (130, 290), (90, 250)]
(970, 450): [(1010, 450), (970, 490), (930, 450), (970, 410)]
(690, 290): [(730, 290), (690, 330), (650, 290)]
(690, 530): [(650, 530), (690, 490)]
(770, 330): [(810, 330), (730, 330), (770, 290)]
(250, 330): [(290, 330), (250, 370), (210, 330), (250, 290)]
(1010, 490): [(1010, 530), (970, 490), (1010, 450)]
(970, 170): [(1010, 170), (970, 210), (930, 170), (970, 130)]
(610, 290): [(650, 290), (610, 330), (570, 290), (610, 250)]
(690, 330): [(730, 330), (690, 370), (650, 330), (690, 290)]
(530, 730): [(570, 730), (490, 730), (530, 690)]
(50, 610): [(90, 610), (50, 650), (10, 610), (50, 570)]
(90, 330): [(130, 330), (90, 370), (50, 330), (90, 290)]
(970, 370): [(1010, 370), (970, 410), (930, 370), (970, 330)]
(170, 530): [(210, 530), (170, 570), (130, 530), (170, 490)]
(370, 730): [(410, 730), (330, 730)]
(50, 130): [(90, 130), (50, 170), (10, 130), (50, 90)]
(90, 250): [(130, 250), (90, 290), (50, 250), (90, 210)]
(610, 330): [(650, 330), (610, 370), (570, 330), (610, 290)]
(130, 570): [(170, 570), (130, 610), (90, 570), (130, 530)]
(930, 290): [(970, 290), (930, 330), (890, 290), (930, 250)]
(810, 290): [(850, 290), (810, 330), (770, 290), (810, 250)]
(410, 530): [(450, 530), (410, 570), (370, 530), (410, 490)]
(370, 330): [(410, 330), (370, 370), (330, 330), (370, 290)]
(330, 10): [(370, 10), (330, 50), (290, 10)]
(50, 290): [(90, 290), (50, 330), (10, 290), (50, 250)]
(410, 170): [(450, 170), (410, 210), (370, 170), (410, 130)]
(650, 370): [(690, 370), (650, 410), (610, 370), (650, 330)]
(570, 650): [(610, 650), (570, 690), (530, 650), (570, 610)]
(90, 290): [(130, 290), (90, 330), (50, 290), (90, 250)]
(250, 370): [(290, 370), (210, 370), (250, 330)]
(410, 730): [(450, 730), (370, 730)]
(170, 50): [(210, 50), (130, 50), (170, 10)]
(970, 330): [(1010, 330), (970, 370), (930, 330), (970, 290)]
(610, 250): [(650, 250), (610, 290), (570, 250), (610, 210)]
(50, 330): [(90, 330), (50, 370), (10, 330), (50, 290)]
(490, 650): [(530, 650), (490, 690), (450, 650), (490, 610)]
(410, 330): [(450, 330), (410, 370), (370, 330), (410, 290)]
(50, 570): [(90, 570), (50, 610), (10, 570), (50, 530)]
(530, 690): [(570, 690), (530, 730), (490, 690), (530, 650)]
(410, 130): [(450, 130), (410, 170), (370, 130), (410, 90)]
(810, 10): [(850, 10), (810, 50), (770, 10)]
(890, 90): [(930, 90), (890, 130), (850, 90), (890, 50)]
(370, 410): [(410, 410), (370, 450), (370, 370)]
(650, 250): [(650, 290), (610, 250)]
(610, 210): [(610, 250), (570, 210), (610, 170)]
(490, 610): [(530, 610), (490, 650), (450, 610)]
(330, 90): [(370, 90), (330, 130), (330, 50)]
(210, 730): [(170, 730)]
(130, 290): [(170, 290), (130, 330), (90, 290), (130, 250)]
(490, 690): [(530, 690), (490, 730), (450, 690), (490, 650)]
(930, 250): [(970, 250), (930, 290), (890, 250), (930, 210)]
(570, 690): [(610, 690), (570, 730), (530, 690), (570, 650)]
(170, 330): [(210, 330), (170, 370), (130, 330), (170, 290)]
(450, 50): [(490, 50), (450, 90), (410, 50), (450, 10)]
(290, 50): [(330, 50), (250, 50), (290, 10)]
(1010, 650): [(1010, 690), (970, 650), (1010, 610)]
(1010, 90): [(1010, 130), (970, 90), (1010, 50)]
(690, 50): [(730, 50), (690, 90), (650, 50), (690, 10)]
(970, 610): [(1010, 610), (970, 650), (930, 610), (970, 570)]
(730, 330): [(770, 330), (690, 330), (730, 290)]
(250, 50): [(290, 50), (210, 50), (250, 10)]
(410, 450): [(450, 450), (410, 490), (370, 450), (410, 410)]
(130, 330): [(170, 330), (130, 370), (90, 330), (130, 290)]
(530, 50): [(570, 50), (530, 90), (490, 50), (530, 10)]
(610, 170): [(610, 210), (570, 170), (610, 130)]
(530, 610): [(570, 610), (530, 650), (490, 610)]
(1010, 450): [(1010, 490), (970, 450), (1010, 410)]
(970, 10): [(1010, 10), (970, 50), (930, 10)]
(90, 610): [(130, 610), (90, 650), (50, 610), (90, 570)]
(410, 290): [(450, 290), (410, 330), (370, 290), (410, 250)]
(530, 10): [(570, 10), (530, 50), (490, 10)]
(770, 570): [(810, 570), (770, 610), (730, 570)]
(1010, 610): [(1010, 650), (970, 610), (1010, 570)]
(570, 330): [(610, 330), (570, 370), (570, 290)]
(810, 250): [(850, 250), (810, 290), (770, 250)]
(970, 690): [(1010, 690), (970, 730), (930, 690), (970, 650)]
(370, 10): [(410, 10), (370, 50), (330, 10)]
(650, 290): [(690, 290), (650, 330), (610, 290), (650, 250)]
(290, 330): [(330, 330), (290, 370), (250, 330), (290, 290)]
(490, 90): [(530, 90), (490, 130), (450, 90), (490, 50)]
(210, 570): [(210, 610), (170, 570), (210, 530)]
(370, 290): [(410, 290), (370, 330), (330, 290), (370, 250)]
(570, 290): [(610, 290), (570, 330), (570, 250)]
(890, 50): [(930, 50), (890, 90), (850, 50), (890, 10)]
(890, 730): [(930, 730), (850, 730), (890, 690)]
(130, 50): [(170, 50), (90, 50), (130, 10)]
(490, 50): [(530, 50), (490, 90), (450, 50), (490, 10)]
(610, 610): [(650, 610), (610, 650), (570, 610), (610, 570)]
(330, 130): [(370, 130), (330, 90)]
(730, 50): [(770, 50), (730, 90), (690, 50), (730, 10)]
(330, 490): [(370, 490), (330, 530), (290, 490)]
(650, 490): [(690, 490), (650, 530), (610, 490), (650, 450)]
(410, 490): [(450, 490), (410, 530), (370, 490), (410, 450)]
(850, 90): [(890, 90), (810, 90), (850, 50)]
(610, 90): [(650, 90), (610, 130), (570, 90), (610, 50)]
(970, 730): [(1010, 730), (930, 730), (970, 690)]
(450, 170): [(490, 170), (450, 210), (410, 170), (450, 130)]
(930, 650): [(970, 650), (930, 690)]
(930, 50): [(970, 50), (930, 90), (890, 50), (930, 10)]
(610, 650): [(650, 650), (610, 690), (570, 650), (610, 610)]
(10, 570): [(50, 570), (10, 610), (10, 530)]
(90, 370): [(130, 370), (90, 410), (50, 370), (90, 330)]
(10, 730): [(50, 730), (10, 690)]
(690, 610): [(730, 610), (650, 610), (690, 570)]
(130, 450): [(170, 450), (130, 490), (90, 450), (130, 410)]
(570, 170): [(610, 170), (570, 210), (530, 170), (570, 130)]
(770, 10): [(810, 10), (770, 50), (730, 10)]
(770, 610): [(810, 610), (730, 610), (770, 570)]
(130, 650): [(130, 690), (90, 650)]
(90, 210): [(90, 250), (50, 210), (90, 170)]
(10, 10): [(50, 10), (10, 50)]
(170, 490): [(210, 490), (170, 530), (130, 490), (170, 450)]
(1010, 50): [(1010, 90), (970, 50), (1010, 10)]
(90, 690): [(130, 690), (90, 730), (50, 690), (90, 650)]
(690, 10): [(730, 10), (690, 50), (650, 10)]
(10, 90): [(50, 90), (10, 130), (10, 50)]
(570, 210): [(610, 210), (570, 250), (570, 170)]
(930, 450): [(970, 450), (930, 490), (930, 410)]
(450, 730): [(490, 730), (410, 730), (450, 690)]
(890, 170): [(930, 170), (890, 210), (890, 130)]
(570, 90): [(610, 90), (570, 130), (530, 90), (570, 50)]
(290, 370): [(330, 370), (250, 370), (290, 330)]
(610, 10): [(650, 10), (610, 50), (570, 10)]
(90, 650): [(130, 650), (90, 690), (50, 650), (90, 610)]
(530, 650): [(570, 650), (530, 690), (490, 650), (530, 610)]
(10, 450): [(50, 450), (10, 490), (10, 410)]
(610, 370): [(650, 370), (610, 410), (570, 370), (610, 330)]
(210, 530): [(250, 530), (210, 570), (170, 530), (210, 490)]
(210, 370): [(250, 370), (170, 370), (210, 330)]
(410, 210): [(450, 210), (410, 250), (370, 210), (410, 170)]
(50, 490): [(90, 490), (50, 530), (10, 490), (50, 450)]
(930, 370): [(970, 370), (930, 410), (930, 330)]
(330, 530): [(370, 530), (330, 570), (290, 530), (330, 490)]
(290, 290): [(330, 290), (290, 330), (250, 290), (290, 250)]
(250, 530): [(210, 530), (250, 490)]
(850, 530): [(890, 530), (850, 570), (810, 530)]
(610, 410): [(650, 410), (610, 450), (570, 410), (610, 370)]
(450, 690): [(490, 690), (450, 730), (450, 650)]
(610, 130): [(610, 170), (570, 130), (610, 90)]
(170, 10): [(170, 50), (130, 10)]
(570, 10): [(610, 10), (570, 50), (530, 10)]
(50, 530): [(90, 530), (50, 570), (10, 530), (50, 490)]
(10, 370): [(50, 370), (10, 410), (10, 330)]
(690, 90): [(650, 90), (690, 50)]
(850, 10): [(890, 10), (850, 50), (810, 10)]
(570, 730): [(610, 730), (530, 730), (570, 690)]
(970, 210): [(1010, 210), (970, 250), (930, 210), (970, 170)]
(610, 450): [(650, 450), (610, 490), (570, 450), (610, 410)]
(90, 10): [(130, 10), (90, 50), (50, 10)]
(650, 330): [(690, 330), (650, 370), (610, 330), (650, 290)]
(130, 410): [(130, 450), (90, 410), (130, 370)]
(730, 90): [(770, 90), (730, 50)]
(1010, 250): [(1010, 290), (970, 250), (1010, 210)]
(1010, 130): [(1010, 170), (970, 130), (1010, 90)]
(930, 490): [(970, 490), (930, 530), (930, 450)]
(610, 530): [(650, 530), (610, 570), (570, 530), (610, 490)]
(290, 490): [(330, 490), (290, 530), (250, 490)]
(210, 330): [(250, 330), (210, 370), (170, 330), (210, 290)]
(570, 410): [(610, 410), (570, 450), (570, 370)]
(130, 490): [(170, 490), (130, 530), (90, 490), (130, 450)]
(410, 10): [(450, 10), (410, 50), (370, 10)]
(330, 570): [(370, 570), (330, 610), (330, 530)]
(410, 570): [(410, 610), (370, 570), (410, 530)]
(730, 10): [(770, 10), (730, 50), (690, 10)]
(890, 10): [(930, 10), (890, 50), (850, 10)]
(90, 410): [(130, 410), (90, 450), (50, 410), (90, 370)]
(90, 490): [(130, 490), (90, 530), (50, 490), (90, 450)]
(1010, 570): [(1010, 610), (970, 570), (1010, 530)]
(450, 250): [(450, 290), (410, 250), (450, 210)]
(890, 330): [(930, 330), (850, 330), (890, 290)]
(570, 610): [(610, 610), (570, 650), (530, 610), (570, 570)]
(250, 10): [(290, 10), (250, 50), (210, 10)]
(170, 690): [(170, 730), (130, 690)]
(290, 250): [(330, 250), (290, 290), (250, 250)]
(930, 530): [(970, 530), (930, 570), (890, 530), (930, 490)]
(130, 530): [(170, 530), (130, 570), (90, 530), (130, 490)]
(370, 90): [(410, 90), (370, 130), (330, 90), (370, 50)]
(970, 250): [(1010, 250), (970, 290), (930, 250), (970, 210)]
(970, 290): [(1010, 290), (970, 330), (930, 290), (970, 250)]
(1010, 10): [(1010, 50), (970, 10)]
(50, 690): [(90, 690), (50, 730), (10, 690), (50, 650)]
(810, 530): [(850, 530), (810, 570)]
(850, 50): [(890, 50), (850, 90), (810, 50), (850, 10)]
(970, 410): [(1010, 410), (970, 450), (930, 410), (970, 370)]
(610, 490): [(650, 490), (610, 530), (570, 490), (610, 450)]
(130, 730): [(170, 730), (90, 730), (130, 690)]
(210, 50): [(250, 50), (170, 50)]
(210, 290): [(250, 290), (210, 330), (170, 290), (210, 250)]
(50, 90): [(90, 90), (50, 130), (10, 90), (50, 50)]
(410, 650): [(450, 650), (370, 650), (410, 610)]
(930, 410): [(970, 410), (930, 450), (930, 370)]
(930, 90): [(970, 90), (930, 130), (890, 90), (930, 50)]
(370, 610): [(410, 610), (370, 650), (330, 610), (370, 570)]
(930, 210): [(970, 210), (930, 250), (890, 210), (930, 170)]
(930, 10): [(970, 10), (930, 50), (890, 10)]
(10, 290): [(50, 290), (10, 330), (10, 250)]
(50, 450): [(90, 450), (50, 490), (10, 450), (50, 410)]
(530, 130): [(570, 130), (530, 170), (490, 130), (530, 90)]
(410, 610): [(450, 610), (410, 650), (370, 610), (410, 570)]
(90, 570): [(130, 570), (90, 610), (50, 570), (90, 530)]
(210, 10): [(250, 10)]
(890, 530): [(930, 530), (890, 570), (850, 530)]
(490, 10): [(530, 10), (490, 50), (450, 10)]
(1010, 690): [(1010, 730), (970, 690), (1010, 650)]
(650, 450): [(690, 450), (650, 490), (610, 450), (650, 410)]
(450, 330): [(450, 370), (410, 330), (450, 290)]
(770, 730): [(810, 730), (730, 730)]
(130, 690): [(170, 690), (130, 730), (90, 690), (130, 650)]
(50, 730): [(90, 730), (10, 730), (50, 690)]
(450, 130): [(490, 130), (450, 170), (410, 130), (450, 90)]
(890, 210): [(930, 210), (890, 250), (890, 170)]
(370, 570): [(410, 570), (370, 610), (330, 570), (370, 530)]
(930, 730): [(970, 730), (890, 730), (930, 690)]
(930, 330): [(970, 330), (930, 370), (890, 330), (930, 290)]
(410, 90): [(450, 90), (410, 130), (370, 90), (410, 50)]
(1010, 210): [(1010, 250), (970, 210), (1010, 170)]
(570, 130): [(610, 130), (570, 170), (530, 130), (570, 90)]
(10, 530): [(50, 530), (10, 570), (10, 490)]
(810, 570): [(850, 570), (810, 610), (770, 570), (810, 530)]
(370, 130): [(410, 130), (370, 170), (330, 130), (370, 90)]
(50, 410): [(90, 410), (50, 450), (10, 410), (50, 370)]
(930, 610): [(970, 610), (890, 610), (930, 570)]
(170, 570): [(210, 570), (170, 610), (130, 570), (170, 530)]
(570, 370): [(610, 370), (570, 410), (570, 330)]
(410, 50): [(450, 50), (410, 90), (370, 50), (410, 10)]
(770, 290): [(810, 290), (770, 330), (730, 290), (770, 250)]
(90, 170): [(90, 210), (50, 170), (90, 130)]
(570, 250): [(610, 250), (570, 290), (570, 210)]
(650, 50): [(690, 50), (650, 90), (610, 50), (650, 10)]
(650, 690): [(690, 690), (650, 730), (610, 690), (650, 650)]
(1010, 530): [(1010, 570), (970, 530), (1010, 490)]
(10, 170): [(50, 170), (10, 210), (10, 130)]
(890, 290): [(930, 290), (890, 330), (850, 290), (890, 250)]
(770, 90): [(810, 90), (730, 90), (770, 50)]
(730, 570): [(770, 570), (730, 610), (690, 570)]
(650, 650): [(650, 690), (610, 650), (650, 610)]
(690, 730): [(730, 730), (650, 730), (690, 690)]
(970, 570): [(1010, 570), (970, 610), (930, 570), (970, 530)]
(130, 370): [(170, 370), (130, 410), (90, 370), (130, 330)]
(370, 650): [(410, 650), (370, 610)]
(50, 10): [(90, 10), (50, 50), (10, 10)]
(610, 50): [(650, 50), (610, 90), (570, 50), (610, 10)]
(930, 170): [(970, 170), (930, 210), (890, 170), (930, 130)]
(650, 730): [(690, 730), (610, 730), (650, 690)]
(10, 410): [(50, 410), (10, 450), (10, 370)]
(970, 530): [(1010, 530), (970, 570), (930, 530), (970, 490)]
(930, 690): [(970, 690), (930, 730), (890, 690), (930, 650)]
(730, 290): [(770, 290), (730, 330), (690, 290), (730, 250)]
(450, 90): [(490, 90), (450, 130), (410, 90), (450, 50)]
(170, 610): [(210, 610), (130, 610), (170, 570)]
(90, 730): [(130, 730), (50, 730), (90, 690)]
(890, 610): [(930, 610), (850, 610), (890, 570)]
(650, 610): [(690, 610), (650, 650), (610, 610), (650, 570)]
(170, 450): [(170, 490), (130, 450)]
(770, 50): [(810, 50), (770, 90), (730, 50), (770, 10)]
(490, 170): [(530, 170), (450, 170), (490, 130)]
(570, 450): [(610, 450), (570, 490), (570, 410)]
(650, 10): [(690, 10), (650, 50), (610, 10)]
(170, 730): [(210, 730), (130, 730), (170, 690)]
(90, 50): [(130, 50), (90, 90), (50, 50), (90, 10)]
(50, 650): [(90, 650), (50, 690), (10, 650), (50, 610)]
(450, 210): [(450, 250), (410, 210), (450, 170)]
(730, 250): [(770, 250), (730, 290)]
(90, 450): [(130, 450), (90, 490), (50, 450), (90, 410)]
(690, 490): [(690, 530), (650, 490), (690, 450)]
(330, 730): [(370, 730), (290, 730)]
(690, 410): [(690, 450), (650, 410), (690, 370)]
(370, 490): [(410, 490), (370, 530), (330, 490), (370, 450)]
(210, 610): [(170, 610), (210, 570)]
(970, 490): [(1010, 490), (970, 530), (930, 490), (970, 450)]
(1010, 730): [(970, 730), (1010, 690)]
(490, 130): [(530, 130), (490, 170), (450, 130), (490, 90)]
(970, 130): [(1010, 130), (970, 170), (930, 130), (970, 90)]
(90, 90): [(90, 130), (50, 90), (90, 50)]
(330, 250): [(370, 250), (330, 290), (290, 250)]
(330, 50): [(370, 50), (330, 90), (290, 50), (330, 10)]
(1010, 170): [(1010, 210), (970, 170), (1010, 130)]
(10, 650): [(50, 650), (10, 690), (10, 610)]
(10, 210): [(50, 210), (10, 250), (10, 170)]
(890, 690): [(930, 690), (890, 730), (850, 690)]
(570, 490): [(610, 490), (570, 530), (570, 450)]
(1010, 330): [(1010, 370), (970, 330), (1010, 290)]
(770, 250): [(810, 250), (770, 290), (730, 250)]
(450, 610): [(490, 610), (450, 650), (410, 610)]
(970, 50): [(1010, 50), (970, 90), (930, 50), (970, 10)]
(850, 690): [(890, 690), (850, 730), (810, 690)]
(890, 130): [(930, 130), (890, 170), (890, 90)]
(610, 570): [(650, 570), (610, 610), (570, 570), (610, 530)]
(290, 530): [(330, 530), (290, 490)]
(10, 490): [(50, 490), (10, 530), (10, 450)]
(450, 490): [(450, 530), (410, 490), (450, 450)]
(490, 730): [(530, 730), (450, 730), (490, 690)]
(570, 50): [(610, 50), (570, 90), (530, 50), (570, 10)]
(210, 490): [(250, 490), (210, 530), (170, 490)]
(810, 610): [(850, 610), (770, 610), (810, 570)]
(450, 370): [(450, 410), (410, 370), (450, 330)]
(810, 330): [(850, 330), (770, 330), (810, 290)]
(690, 570): [(730, 570), (690, 610), (650, 570)]
(930, 130): [(970, 130), (930, 170), (890, 130), (930, 90)]
(10, 50): [(50, 50), (10, 90), (10, 10)]
(970, 650): [(1010, 650), (970, 690), (930, 650), (970, 610)]
(170, 370): [(210, 370), (130, 370), (170, 330)]
(10, 250): [(50, 250), (10, 290), (10, 210)]
(850, 730): [(890, 730), (810, 730), (850, 690)]
(290, 730): [(330, 730)]
(730, 690): [(730, 730), (690, 690)]
(290, 10): [(330, 10), (290, 50), (250, 10)]
(50, 210): [(90, 210), (50, 250), (10, 210), (50, 170)]
(970, 90): [(1010, 90), (970, 130), (930, 90), (970, 50)]
(50, 50): [(90, 50), (50, 90), (10, 50), (50, 10)]
(370, 50): [(410, 50), (370, 90), (330, 50), (370, 10)]
(690, 450): [(690, 490), (650, 450), (690, 410)]
(810, 690): [(850, 690), (810, 730)]
(450, 450): [(450, 490), (410, 450), (450, 410)]
(370, 170): [(410, 170), (370, 210), (370, 130)]
(930, 570): [(970, 570), (930, 610), (890, 570), (930, 530)]
(450, 530): [(410, 530), (450, 490)]
(1010, 370): [(1010, 410), (970, 370), (1010, 330)]
(10, 690): [(50, 690), (10, 730), (10, 650)]
(650, 90): [(690, 90), (610, 90), (650, 50)]
(50, 250): [(90, 250), (50, 290), (10, 250), (50, 210)]
(850, 330): [(890, 330), (810, 330), (850, 290)]
(690, 690): [(730, 690), (690, 730), (650, 690)]
(370, 450): [(410, 450), (370, 490), (370, 410)]
(850, 290): [(890, 290), (850, 330), (810, 290), (850, 250)]
(730, 610): [(770, 610), (690, 610), (730, 570)]
(130, 10): [(170, 10), (130, 50), (90, 10)]
(410, 370): [(450, 370), (410, 410), (370, 370), (410, 330)]
(690, 370): [(690, 410), (650, 370), (690, 330)]
(610, 730): [(650, 730), (570, 730), (610, 690)]
(450, 10): [(490, 10), (450, 50), (410, 10)]
(570, 530): [(610, 530), (570, 570), (570, 490)]
(250, 250): [(290, 250), (250, 290), (210, 250)]
(370, 210): [(410, 210), (370, 250), (370, 170)]
(450, 290): [(450, 330), (410, 290), (450, 250)]
(1010, 410): [(1010, 450), (970, 410), (1010, 370)]
(50, 170): [(90, 170), (50, 210), (10, 170), (50, 130)]
(10, 130): [(50, 130), (10, 170), (10, 90)]
(850, 610): [(890, 610), (810, 610), (850, 570)]
(890, 570): [(930, 570), (890, 610), (850, 570), (890, 530)]
(650, 530): [(690, 530), (650, 570), (610, 530), (650, 490)]
(370, 370): [(410, 370), (370, 410), (330, 370), (370, 330)]
(90, 530): [(130, 530), (90, 570), (50, 530), (90, 490)]
(610, 690): [(650, 690), (610, 730), (570, 690), (610, 650)]
(1010, 290): [(1010, 330), (970, 290), (1010, 250)]
(810, 90): [(850, 90), (770, 90), (810, 50)]
(450, 410): [(450, 450), (410, 410), (450, 370)]
(530, 90): [(570, 90), (530, 130), (490, 90), (530, 50)]
(370, 530): [(410, 530), (370, 570), (330, 530), (370, 490)]
(450, 650): [(490, 650), (450, 690), (410, 650), (450, 610)]
(330, 370): [(370, 370), (290, 370), (330, 330)]
(330, 290): [(370, 290), (330, 330), (290, 290), (330, 250)]
(410, 410): [(450, 410), (410, 450), (370, 410), (410, 370)]
(410, 250): [(450, 250), (410, 290), (370, 250), (410, 210)]
(10, 330): [(50, 330), (10, 370), (10, 290)]
(210, 250): [(250, 250), (210, 290), (170, 250)]
(50, 370): [(90, 370), (50, 410), (10, 370), (50, 330)]
(170, 290): [(210, 290), (170, 330), (130, 290), (170, 250)]
(890, 250): [(930, 250), (890, 290), (850, 250), (890, 210)]
(130, 610): [(170, 610), (90, 610), (130, 570)]
(250, 290): [(290, 290), (250, 330), (210, 290), (250, 250)]
(370, 250): [(410, 250), (370, 290), (330, 250), (370, 210)]
(650, 410): [(690, 410), (650, 450), (610, 410), (650, 370)]
(810, 50): [(850, 50), (810, 90), (770, 50), (810, 10)]
(330, 610): [(370, 610), (330, 570)]
(570, 570): [(610, 570), (570, 610), (570, 530)]
(850, 570): [(890, 570), (850, 610), (810, 570), (850, 530)]
(650, 570): [(690, 570), (650, 610), (610, 570), (650, 530)]
(530, 170): [(570, 170), (490, 170), (530, 130)]
(730, 730): [(770, 730), (690, 730), (730, 690)]
(250, 490): [(290, 490), (250, 530), (210, 490)]
(90, 130): [(90, 170), (50, 130), (90, 90)]
(170, 250): [(210, 250), (170, 290), (130, 250)]
(10, 610): [(50, 610), (10, 650), (10, 570)]
(330, 330): [(370, 330), (330, 370), (290, 330), (330, 290)]
(850, 250): [(890, 250), (850, 290), (810, 250)]
(810, 730): [(850, 730), (770, 730), (810, 690)]
(130, 250): [(170, 250), (130, 290), (90, 250)]
(970, 450): [(1010, 450), (970, 490), (930, 450), (970, 410)]
(690, 290): [(730, 290), (690, 330), (650, 290)]
(690, 530): [(650, 530), (690, 490)]
(770, 330): [(810, 330), (730, 330), (770, 290)]
(250, 330): [(290, 330), (250, 370), (210, 330), (250, 290)]
(1010, 490): [(1010, 530), (970, 490), (1010, 450)]
(970, 170): [(1010, 170), (970, 210), (930, 170), (970, 130)]
(610, 290): [(650, 290), (610, 330), (570, 290), (610, 250)]
(690, 330): [(730, 330), (690, 370), (650, 330), (690, 290)]
(530, 730): [(570, 730), (490, 730), (530, 690)]
(50, 610): [(90, 610), (50, 650), (10, 610), (50, 570)]
(90, 330): [(130, 330), (90, 370), (50, 330), (90, 290)]
(970, 370): [(1010, 370), (970, 410), (930, 370), (970, 330)]
(170, 530): [(210, 530), (170, 570), (130, 530), (170, 490)]
(370, 730): [(410, 730), (330, 730)]
(50, 130): [(90, 130), (50, 170), (10, 130), (50, 90)]
(90, 250): [(130, 250), (90, 290), (50, 250), (90, 210)]
(610, 330): [(650, 330), (610, 370), (570, 330), (610, 290)]
(130, 570): [(170, 570), (130, 610), (90, 570), (130, 530)]
(930, 290): [(970, 290), (930, 330), (890, 290), (930, 250)]
(810, 290): [(850, 290), (810, 330), (770, 290), (810, 250)]
(410, 530): [(450, 530), (410, 570), (370, 530), (410, 490)]
(370, 330): [(410, 330), (370, 370), (330, 330), (370, 290)]
(330, 10): [(370, 10), (330, 50), (290, 10)]
(50, 290): [(90, 290), (50, 330), (10, 290), (50, 250)]
(410, 170): [(450, 170), (410, 210), (370, 170), (410, 130)]
(650, 370): [(690, 370), (650, 410), (610, 370), (650, 330)]
(570, 650): [(610, 650), (570, 690), (530, 650), (570, 610)]
(90, 290): [(130, 290), (90, 330), (50, 290), (90, 250)]
(250, 370): [(290, 370), (210, 370), (250, 330)]
(410, 730): [(450, 730), (370, 730)]
(170, 50): [(210, 50), (130, 50), (170, 10)]
(970, 330): [(1010, 330), (970, 370), (930, 330), (970, 290)]
(610, 250): [(650, 250), (610, 290), (570, 250), (610, 210)]
(50, 330): [(90, 330), (50, 370), (10, 330), (50, 290)]
(490, 650): [(530, 650), (490, 690), (450, 650), (490, 610)]
(410, 330): [(450, 330), (410, 370), (370, 330), (410, 290)]
(50, 570): [(90, 570), (50, 610), (10, 570), (50, 530)]
(530, 690): [(570, 690), (530, 730), (490, 690), (530, 650)]
(410, 130): [(450, 130), (410, 170), (370, 130), (410, 90)]
(810, 10): [(850, 10), (810, 50), (770, 10)]
(890, 90): [(930, 90), (890, 130), (850, 90), (890, 50)]
(370, 410): [(410, 410), (370, 450), (370, 370)]
(650, 250): [(650, 290), (610, 250)]
(610, 210): [(610, 250), (570, 210), (610, 170)]
(490, 610): [(530, 610), (490, 650), (450, 610)]
(330, 90): [(370, 90), (330, 130), (330, 50)]
(210, 730): [(170, 730)]
(130, 290): [(170, 290), (130, 330), (90, 290), (130, 250)]
(490, 690): [(530, 690), (490, 730), (450, 690), (490, 650)]
(930, 250): [(970, 250), (930, 290), (890, 250), (930, 210)]
(570, 690): [(610, 690), (570, 730), (530, 690), (570, 650)]
(170, 330): [(210, 330), (170, 370), (130, 330), (170, 290)]
(450, 50): [(490, 50), (450, 90), (410, 50), (450, 10)]
(290, 50): [(330, 50), (250, 50), (290, 10)]
(1010, 650): [(1010, 690), (970, 650), (1010, 610)]
(1010, 90): [(1010, 130), (970, 90), (1010, 50)]
(690, 50): [(730, 50), (690, 90), (650, 50), (690, 10)]
(970, 610): [(1010, 610), (970, 650), (930, 610), (970, 570)]
(730, 330): [(770, 330), (690, 330), (730, 290)]
(250, 50): [(290, 50), (210, 50), (250, 10)]
(410, 450): [(450, 450), (410, 490), (370, 450), (410, 410)]
(130, 330): [(170, 330), (130, 370), (90, 330), (130, 290)]
(530, 50): [(570, 50), (530, 90), (490, 50), (530, 10)]
(610, 170): [(610, 210), (570, 170), (610, 130)]
(530, 610): [(570, 610), (530, 650), (490, 610)]
(1010, 450): [(1010, 490), (970, 450), (1010, 410)]
(970, 10): [(1010, 10), (970, 50), (930, 10)]
(90, 610): [(130, 610), (90, 650), (50, 610), (90, 570)]
(410, 290): [(450, 290), (410, 330), (370, 290), (410, 250)]
(530, 10): [(570, 10), (530, 50), (490, 10)]
(770, 570): [(810, 570), (770, 610), (730, 570)]
(1010, 610): [(1010, 650), (970, 610), (1010, 570)]
(570, 330): [(610, 330), (570, 370), (570, 290)]
(810, 250): [(850, 250), (810, 290), (770, 250)]
(970, 690): [(1010, 690), (970, 730), (930, 690), (970, 650)]
(370, 10): [(410, 10), (370, 50), (330, 10)]
(650, 290): [(690, 290), (650, 330), (610, 290), (650, 250)]
(290, 330): [(330, 330), (290, 370), (250, 330), (290, 290)]
(490, 90): [(530, 90), (490, 130), (450, 90), (490, 50)]
(210, 570): [(210, 610), (170, 570), (210, 530)]
(370, 290): [(410, 290), (370, 330), (330, 290), (370, 250)]
(570, 290): [(610, 290), (570, 330), (570, 250)]
(890, 50): [(930, 50), (890, 90), (850, 50), (890, 10)]
(890, 730): [(930, 730), (850, 730), (890, 690)]
(130, 50): [(170, 50), (90, 50), (130, 10)]
(490, 50): [(530, 50), (490, 90), (450, 50), (490, 10)]
(610, 610): [(650, 610), (610, 650), (570, 610), (610, 570)]
(330, 130): [(370, 130), (330, 90)]
(730, 50): [(770, 50), (730, 90), (690, 50), (730, 10)]
(330, 490): [(370, 490), (330, 530), (290, 490)]
(650, 490): [(690, 490), (650, 530), (610, 490), (650, 450)]
(410, 490): [(450, 490), (410, 530), (370, 490), (410, 450)]
(850, 90): [(890, 90), (810, 90), (850, 50)]
(610, 90): [(650, 90), (610, 130), (570, 90), (610, 50)]
(970, 730): [(1010, 730), (930, 730), (970, 690)]
(450, 170): [(490, 170), (450, 210), (410, 170), (450, 130)]
(930, 650): [(970, 650), (930, 690)]
(930, 50): [(970, 50), (930, 90), (890, 50), (930, 10)]
(610, 650): [(650, 650), (610, 690), (570, 650), (610, 610)]
(10, 570): [(50, 570), (10, 610), (10, 530)]
(90, 370): [(130, 370), (90, 410), (50, 370), (90, 330)]
(10, 730): [(50, 730), (10, 690)]
(690, 610): [(730, 610), (650, 610), (690, 570)]
(130, 450): [(170, 450), (130, 490), (90, 450), (130, 410)]
(570, 170): [(610, 170), (570, 210), (530, 170), (570, 130)]
(770, 10): [(810, 10), (770, 50), (730, 10)]
(770, 610): [(810, 610), (730, 610), (770, 570)]
(130, 650): [(130, 690), (90, 650)]
(90, 210): [(90, 250), (50, 210), (90, 170)]
(10, 10): [(50, 10), (10, 50)]
(170, 490): [(210, 490), (170, 530), (130, 490), (170, 450)]
(1010, 50): [(1010, 90), (970, 50), (1010, 10)]
(90, 690): [(130, 690), (90, 730), (50, 690), (90, 650)]
(690, 10): [(730, 10), (690, 50), (650, 10)]
(10, 90): [(50, 90), (10, 130), (10, 50)]
(570, 210): [(610, 210), (570, 250), (570, 170)]
(930, 450): [(970, 450), (930, 490), (930, 410)]
(450, 730): [(490, 730), (410, 730), (450, 690)]
(890, 170): [(930, 170), (890, 210), (890, 130)]
(570, 90): [(610, 90), (570, 130), (530, 90), (570, 50)]
(290, 370): [(330, 370), (250, 370), (290, 330)]
(610, 10): [(650, 10), (610, 50), (570, 10)]
(90, 650): [(130, 650), (90, 690), (50, 650), (90, 610)]
(530, 650): [(570, 650), (530, 690), (490, 650), (530, 610)]
(10, 450): [(50, 450), (10, 490), (10, 410)]
(610, 370): [(650, 370), (610, 410), (570, 370), (610, 330)]
(210, 530): [(250, 530), (210, 570), (170, 530), (210, 490)]
(210, 370): [(250, 370), (170, 370), (210, 330)]
(410, 210): [(450, 210), (410, 250), (370, 210), (410, 170)]
(50, 490): [(90, 490), (50, 530), (10, 490), (50, 450)]
(930, 370): [(970, 370), (930, 410), (930, 330)]
(330, 530): [(370, 530), (330, 570), (290, 530), (330, 490)]
(290, 290): [(330, 290), (290, 330), (250, 290), (290, 250)]
(250, 530): [(210, 530), (250, 490)]
(850, 530): [(890, 530), (850, 570), (810, 530)]
(610, 410): [(650, 410), (610, 450), (570, 410), (610, 370)]
(450, 690): [(490, 690), (450, 730), (450, 650)]
(610, 130): [(610, 170), (570, 130), (610, 90)]
(170, 10): [(170, 50), (130, 10)]
(570, 10): [(610, 10), (570, 50), (530, 10)]
(50, 530): [(90, 530), (50, 570), (10, 530), (50, 490)]
(10, 370): [(50, 370), (10, 410), (10, 330)]
(690, 90): [(650, 90), (690, 50)]
(850, 10): [(890, 10), (850, 50), (810, 10)]
(570, 730): [(610, 730), (530, 730), (570, 690)]
(970, 210): [(1010, 210), (970, 250), (930, 210), (970, 170)]
(610, 450): [(650, 450), (610, 490), (570, 450), (610, 410)]
(90, 10): [(130, 10), (90, 50), (50, 10)]
(650, 330): [(690, 330), (650, 370), (610, 330), (650, 290)]
(130, 410): [(130, 450), (90, 410), (130, 370)]
(730, 90): [(770, 90), (730, 50)]
(1010, 250): [(1010, 290), (970, 250), (1010, 210)]
(1010, 130): [(1010, 170), (970, 130), (1010, 90)]
(930, 490): [(970, 490), (930, 530), (930, 450)]
(610, 530): [(650, 530), (610, 570), (570, 530), (610, 490)]
(290, 490): [(330, 490), (290, 530), (250, 490)]
(210, 330): [(250, 330), (210, 370), (170, 330), (210, 290)]
(570, 410): [(610, 410), (570, 450), (570, 370)]
(130, 490): [(170, 490), (130, 530), (90, 490), (130, 450)]
(410, 10): [(450, 10), (410, 50), (370, 10)]
(330, 570): [(370, 570), (330, 610), (330, 530)]
(410, 570): [(410, 610), (370, 570), (410, 530)]
(730, 10): [(770, 10), (730, 50), (690, 10)]
(890, 10): [(930, 10), (890, 50), (850, 10)]
(90, 410): [(130, 410), (90, 450), (50, 410), (90, 370)]
(90, 490): [(130, 490), (90, 530), (50, 490), (90, 450)]
(1010, 570): [(1010, 610), (970, 570), (1010, 530)]
(450, 250): [(450, 290), (410, 250), (450, 210)]
(890, 330): [(930, 330), (850, 330), (890, 290)]
(570, 610): [(610, 610), (570, 650), (530, 610), (570, 570)]
(250, 10): [(290, 10), (250, 50), (210, 10)]
(170, 690): [(170, 730), (130, 690)]
(290, 250): [(330, 250), (290, 290), (250, 250)]
(930, 530): [(970, 530), (930, 570), (890, 530), (930, 490)]
(130, 530): [(170, 530), (130, 570), (90, 530), (130, 490)]
(370, 90): [(410, 90), (370, 130), (330, 90), (370, 50)]
(970, 250): [(1010, 250), (970, 290), (930, 250), (970, 210)]
(970, 290): [(1010, 290), (970, 330), (930, 290), (970, 250)]
(1010, 10): [(1010, 50), (970, 10)]
(50, 690): [(90, 690), (50, 730), (10, 690), (50, 650)]
(810, 530): [(850, 530), (810, 570)]
(850, 50): [(890, 50), (850, 90), (810, 50), (850, 10)]
(970, 410): [(1010, 410), (970, 450), (930, 410), (970, 370)]
(610, 490): [(650, 490), (610, 530), (570, 490), (610, 450)]
(130, 730): [(170, 730), (90, 730), (130, 690)]
(210, 50): [(250, 50), (170, 50)]
(210, 290): [(250, 290), (210, 330), (170, 290), (210, 250)]
(50, 90): [(90, 90), (50, 130), (10, 90), (50, 50)]
(410, 650): [(450, 650), (370, 650), (410, 610)]
(930, 410): [(970, 410), (930, 450), (930, 370)]
(930, 90): [(970, 90), (930, 130), (890, 90), (930, 50)]
(370, 610): [(410, 610), (370, 650), (330, 610), (370, 570)]
(930, 210): [(970, 210), (930, 250), (890, 210), (930, 170)]
(930, 10): [(970, 10), (930, 50), (890, 10)]
(10, 290): [(50, 290), (10, 330), (10, 250)]
(50, 450): [(90, 450), (50, 490), (10, 450), (50, 410)]
(530, 130): [(570, 130), (530, 170), (490, 130), (530, 90)]
(410, 610): [(450, 610), (410, 650), (370, 610), (410, 570)]
(90, 570): [(130, 570), (90, 610), (50, 570), (90, 530)]
(210, 10): [(250, 10)]
(890, 530): [(930, 530), (890, 570), (850, 530)]
(490, 10): [(530, 10), (490, 50), (450, 10)]
(1010, 690): [(1010, 730), (970, 690), (1010, 650)]
(650, 450): [(690, 450), (650, 490), (610, 450), (650, 410)]
(450, 330): [(450, 370), (410, 330), (450, 290)]
(770, 730): [(810, 730), (730, 730)]
(130, 690): [(170, 690), (130, 730), (90, 690), (130, 650)]
(50, 730): [(90, 730), (10, 730), (50, 690)]
(450, 130): [(490, 130), (450, 170), (410, 130), (450, 90)]
(890, 210): [(930, 210), (890, 250), (890, 170)]
(370, 570): [(410, 570), (370, 610), (330, 570), (370, 530)]
(930, 730): [(970, 730), (890, 730), (930, 690)]
(930, 330): [(970, 330), (930, 370), (890, 330), (930, 290)]
(410, 90): [(450, 90), (410, 130), (370, 90), (410, 50)]
(1010, 210): [(1010, 250), (970, 210), (1010, 170)]
(570, 130): [(610, 130), (570, 170), (530, 130), (570, 90)]
(10, 530): [(50, 530), (10, 570), (10, 490)]
(810, 570): [(850, 570), (810, 610), (770, 570), (810, 530)]
(370, 130): [(410, 130), (370, 170), (330, 130), (370, 90)]
(50, 410): [(90, 410), (50, 450), (10, 410), (50, 370)]
(930, 610): [(970, 610), (890, 610), (930, 570)]
(170, 570): [(210, 570), (170, 610), (130, 570), (170, 530)]
(570, 370): [(610, 370), (570, 410), (570, 330)]
(410, 50): [(450, 50), (410, 90), (370, 50), (410, 10)]
(770, 290): [(810, 290), (770, 330), (730, 290), (770, 250)]
(90, 170): [(90, 210), (50, 170), (90, 130)]
(570, 250): [(610, 250), (570, 290), (570, 210)]
(650, 50): [(690, 50), (650, 90), (610, 50), (650, 10)]
(650, 690): [(690, 690), (650, 730), (610, 690), (650, 650)]
(1010, 530): [(1010, 570), (970, 530), (1010, 490)]
(10, 170): [(50, 170), (10, 210), (10, 130)]
(890, 290): [(930, 290), (890, 330), (850, 290), (890, 250)]
(770, 90): [(810, 90), (730, 90), (770, 50)]
(730, 570): [(770, 570), (730, 610), (690, 570)]
(650, 650): [(650, 690), (610, 650), (650, 610)]
(690, 730): [(730, 730), (650, 730), (690, 690)]
(970, 570): [(1010, 570), (970, 610), (930, 570), (970, 530)]
(130, 370): [(170, 370), (130, 410), (90, 370), (130, 330)]
(370, 650): [(410, 650), (370, 610)]
(50, 10): [(90, 10), (50, 50), (10, 10)]
(610, 50): [(650, 50), (610, 90), (570, 50), (610, 10)]
(930, 170): [(970, 170), (930, 210), (890, 170), (930, 130)]
(650, 730): [(690, 730), (610, 730), (650, 690)]
(10, 410): [(50, 410), (10, 450), (10, 370)]
(970, 530): [(1010, 530), (970, 570), (930, 530), (970, 490)]
(930, 690): [(970, 690), (930, 730), (890, 690), (930, 650)]
(730, 290): [(770, 290), (730, 330), (690, 290), (730, 250)]
(450, 90): [(490, 90), (450, 130), (410, 90), (450, 50)]
(170, 610): [(210, 610), (130, 610), (170, 570)]
(90, 730): [(130, 730), (50, 730), (90, 690)]
(890, 610): [(930, 610), (850, 610), (890, 570)]
(650, 610): [(690, 610), (650, 650), (610, 610), (650, 570)]
(170, 450): [(170, 490), (130, 450)]
(770, 50): [(810, 50), (770, 90), (730, 50), (770, 10)]
(490, 170): [(530, 170), (450, 170), (490, 130)]
(570, 450): [(610, 450), (570, 490), (570, 410)]
(650, 10): [(690, 10), (650, 50), (610, 10)]
(170, 730): [(210, 730), (130, 730), (170, 690)]
(90, 50): [(130, 50), (90, 90), (50, 50), (90, 10)]
(50, 650): [(90, 650), (50, 690), (10, 650), (50, 610)]
(450, 210): [(450, 250), (410, 210), (450, 170)]
(730, 250): [(770, 250), (730, 290)]
(90, 450): [(130, 450), (90, 490), (50, 450), (90, 410)]
(690, 490): [(690, 530), (650, 490), (690, 450)]
(330, 730): [(370, 730), (290, 730)]
(690, 410): [(690, 450), (650, 410), (690, 370)]
(370, 490): [(410, 490), (370, 530), (330, 490), (370, 450)]
(210, 610): [(170, 610), (210, 570)]
(970, 490): [(1010, 490), (970, 530), (930, 490), (970, 450)]
(1010, 730): [(970, 730), (1010, 690)]
(490, 130): [(530, 130), (490, 170), (450, 130), (490, 90)]
(970, 130): [(1010, 130), (970, 170), (930, 130), (970, 90)]
(90, 90): [(90, 130), (50, 90), (90, 50)]
(330, 250): [(370, 250), (330, 290), (290, 250)]
(330, 50): [(370, 50), (330, 90), (290, 50), (330, 10)]
(1010, 170): [(1010, 210), (970, 170), (1010, 130)]
(10, 650): [(50, 650), (10, 690), (10, 610)]
(10, 210): [(50, 210), (10, 250), (10, 170)]
(890, 690): [(930, 690), (890, 730), (850, 690)]
(570, 490): [(610, 490), (570, 530), (570, 450)]
(1010, 330): [(1010, 370), (970, 330), (1010, 290)]
(770, 250): [(810, 250), (770, 290), (730, 250)]
(450, 610): [(490, 610), (450, 650), (410, 610)]
(970, 50): [(1010, 50), (970, 90), (930, 50), (970, 10)]
(850, 690): [(890, 690), (850, 730), (810, 690)]
(890, 130): [(930, 130), (890, 170), (890, 90)]
(610, 570): [(650, 570), (610, 610), (570, 570), (610, 530)]
(290, 530): [(330, 530), (290, 490)]
(10, 490): [(50, 490), (10, 530), (10, 450)]
(450, 490): [(450, 530), (410, 490), (450, 450)]
(490, 730): [(530, 730), (450, 730), (490, 690)]
(570, 50): [(610, 50), (570, 90), (530, 50), (570, 10)]
(210, 490): [(250, 490), (210, 530), (170, 490)]
(810, 610): [(850, 610), (770, 610), (810, 570)]
(450, 370): [(450, 410), (410, 370), (450, 330)]
(810, 330): [(850, 330), (770, 330), (810, 290)]
(690, 570): [(730, 570), (690, 610), (650, 570)]
(930, 130): [(970, 130), (930, 170), (890, 130), (930, 90)]
(10, 50): [(50, 50), (10, 90), (10, 10)]
(970, 650): [(1010, 650), (970, 690), (930, 650), (970, 610)]
(170, 370): [(210, 370), (130, 370), (170, 330)]
(10, 250): [(50, 250), (10, 290), (10, 210)]
(850, 730): [(890, 730), (810, 730), (850, 690)]
(290, 730): [(330, 730)]
(730, 690): [(730, 730), (690, 690)]
(290, 10): [(330, 10), (290, 50), (250, 10)]
(50, 210): [(90, 210), (50, 250), (10, 210), (50, 170)]
(970, 90): [(1010, 90), (970, 130), (930, 90), (970, 50)]
(50, 50): [(90, 50), (50, 90), (10, 50), (50, 10)]
(370, 50): [(410, 50), (370, 90), (330, 50), (370, 10)]
(690, 450): [(690, 490), (650, 450), (690, 410)]
(810, 690): [(850, 690), (810, 730)]
(450, 450): [(450, 490), (410, 450), (450, 410)]
(370, 170): [(410, 170), (370, 210), (370, 130)]
(930, 570): [(970, 570), (930, 610), (890, 570), (930, 530)]
(450, 530): [(410, 530), (450, 490)]
(1010, 370): [(1010, 410), (970, 370), (1010, 330)]
(10, 690): [(50, 690), (10, 730), (10, 650)]
(650, 90): [(690, 90), (610, 90), (650, 50)]
(50, 250): [(90, 250), (50, 290), (10, 250), (50, 210)]
(850, 330): [(890, 330), (810, 330), (850, 290)]
(690, 690): [(730, 690), (690, 730), (650, 690)]
(370, 450): [(410, 450), (370, 490), (370, 410)]
(850, 290): [(890, 290), (850, 330), (810, 290), (850, 250)]
(730, 610): [(770, 610), (690, 610), (730, 570)]
(130, 10): [(170, 10), (130, 50), (90, 10)]
(410, 370): [(450, 370), (410, 410), (370, 370), (410, 330)]
(690, 370): [(690, 410), (650, 370), (690, 330)]
(610, 730): [(650, 730), (570, 730), (610, 690)]
(450, 10): [(490, 10), (450, 50), (410, 10)]
(570, 530): [(610, 530), (570, 570), (570, 490)]
(250, 250): [(290, 250), (250, 290), (210, 250)]
(370, 210): [(410, 210), (370, 250), (370, 170)]
(450, 290): [(450, 330), (410, 290), (450, 250)]
(1010, 410): [(1010, 450), (970, 410), (1010, 370)]
(50, 170): [(90, 170), (50, 210), (10, 170), (50, 130)]
(10, 130): [(50, 130), (10, 170), (10, 90)]
(850, 610): [(890, 610), (810, 610), (850, 570)]
(890, 570): [(930, 570), (890, 610), (850, 570), (890, 530)]
(650, 530): [(690, 530), (650, 570), (610, 530), (650, 490)]
(370, 370): [(410, 370), (370, 410), (330, 370), (370, 330)]
(90, 530): [(130, 530), (90, 570), (50, 530), (90, 490)]
(610, 690): [(650, 690), (610, 730), (570, 690), (610, 650)]
(1010, 290): [(1010, 330), (970, 290), (1010, 250)]
(810, 90): [(850, 90), (770, 90), (810, 50)]
(450, 410): [(450, 450), (410, 410), (450, 370)]
(530, 90): [(570, 90), (530, 130), (490, 90), (530, 50)]
(370, 530): [(410, 530), (370, 570), (330, 530), (370, 490)]
(450, 650): [(490, 650), (450, 690), (410, 650), (450, 610)]
(330, 370): [(370, 370), (290, 370), (330, 330)]
(330, 290): [(370, 290), (330, 330), (290, 290), (330, 250)]
(410, 410): [(450, 410), (410, 450), (370, 410), (410, 370)]
(410, 250): [(450, 250), (410, 290), (370, 250), (410, 210)]
(10, 330): [(50, 330), (10, 370), (10, 290)]
(210, 250): [(250, 250), (210, 290), (170, 250)]
(50, 370): [(90, 370), (50, 410), (10, 370), (50, 330)]
(170, 290): [(210, 290), (170, 330), (130, 290), (170, 250)]
